22.300589
22.347647
22.347647
22.347647
22.347647
22.253531
22.347647
22.347647
22.347647
22.253531
21.594706
22.347647
22.347647
22.300589
22.959412
22.394707
22.300589
22.347647
22.347647
22.253531
22.347647
22.347647
22.253531
21.547647
22.300589
22.347647
22.347647
22.253531
22.253531
22.300589
22.300589
22.300589
22.959412
22.394707
22.347647
22.253531
22.347647
22.441765
22.347647
22.300589
21.547647
22.300589
22.300589
22.347647
22.300589
22.300589
22.912354
22.300589
22.394707
22.300589
22.253531
22.253531
22.347647
22.300589
22.253531
22.300589
22.394707
22.300589
22.300589
22.300589
22.300589
22.300589
22.253531
22.253531
22.253531
22.347647
22.347647
22.300589
22.300589
22.300589
22.347647
22.347647
22.253531
22.959412
22.300589
22.300589
22.300589
22.959412
22.394707
22.394707
22.394707
22.253531
22.253531
22.347647
22.253531
22.347647
22.253531
22.347647
22.394707
22.300589
22.300589
22.300589
22.300589
22.300589
22.253531
22.347647
22.347647
22.300589
22.300589
22.300589
22.347647
22.300589
22.253531
22.394707
22.300589
22.253531
22.300589
21.547647
22.300589
22.300589
22.347647
22.347647
22.347647
22.347647
22.347647
22.441765
22.912354
22.300589
22.347647
22.347647
22.253531
22.347647
22.347647
22.347647
22.300589
22.959412
22.253531
22.347647
22.347647
22.347647
22.300589
22.347647
22.300589
22.253531
22.347647
22.347647
22.300589
22.300589
22.300589
22.300589
22.959412
22.394707
22.300589
22.441765
22.347647
22.347647
22.253531
22.347647
21.500589
22.253531
22.253531
22.300589
22.300589
22.347647
22.253531
22.347647
22.959412
22.300589
22.300589
22.959412
22.347647
22.253531
22.300589
22.300589
22.394707
22.300589
22.300589
22.300589
22.394707
22.347647
22.347647
22.347647
22.253531
22.300589
22.253531
22.300589
22.394707
22.300589
22.300589
22.300589
22.300589
22.394707
22.959412
22.300589
22.253531
22.253531
22.253531
21.547647
22.300589
22.441765
22.347647
22.253531
22.347647
22.253531
22.253531
22.300589
21.547647
22.300589
22.300589
22.300589
22.959412
